1 2 5
1 2 11
1 2 44
1 2 323
1 2 555
2 3 1
2 6 10
3 4 1
3 7 1
3 3 40
4 5 1
4 8 1
5 9 10
6 7 1
7 8 10
8 9 1
6 10 1
7 11 10
7 7 3
8 12 1
9 13 10
10 11 1
11 12 1
12 13 10
10 14 1
11 15 1
12 16 1
13 17 10
14 15 1
15 16 10
16 17 1
14 18 3
2 13 87
10 11 72
6 15 81
9 13 30
17 7 72
2 15 81
1 17 42
7 3 74
1 14 64
1 17 57
3 2 78
8 18 49
12 13 10
15 15 12
11 8 27
7 6 56
9 3 51
6 14 55
16 16 49
15 5 80
6 15 40
15 7 46
12 12 76
13 12 78
18 17 56
13 8 37
9 15 56
15 8 75
13 6 84
2 15 88
17 5 27
17 16 12
15 5 38
6 12 62
4 4 28
14 8 88
16 15 14
8 1 34
10 13 64
15 11 44
7 4 54
11 17 22
7 6 13
18 1 39
8 13 20
9 3 30
7 7 78
13 5 89
5 12 50
10 3 58
8 17 29
4 3 54
5 7 16
3 5 43
3 17 35
18 10 36
13 5 50
15 15 11
6 9 64
10 1 69
3 12 14
4 11 39
7 4 43
16 3 88
5 2 57
10 17 67
3 15 85
2 2 12
4 9 20
10 5 58
6 16 10
16 15 35
3 17 86
5 3 30
12 11 45
15 5 18
2 2 46
12 10 37
13 7 41
7 15 86
17 11 21
16 13 48
5 9 85
6 18 65
5 4 54
7 16 61
11 1 83
11 8 23
10 6 66
9 5 11
7 12 40
10 15 35
2 4 15
4 12 75
12 4 14
18 11 10
9 2 35
16 12 10
5 17 82
15 8 79
18 9 10
6 9 18
17 8 22
9 14 75
18 7 18
10 7 86
15 4 45
5 4 41
13 15 36
7 17 75
17 3 50
17 1 50
15 1 55
5 11 38
4 5 17
1 17 16
11 5 66
18 8 87
7 16 35
18 12 50
14 12 58
10 15 77
11 16 81
13 17 65
6 1 25
2 13 90
10 12 64
14 8 59
1 5 11
1 3 62
12 18 74
6 6 27
17 6 35
14 14 44
8 15 62
17 3 39
12 11 59
6 5 72
18 17 15
12 3 55
13 7 85
7 9 40
3 7 31
6 4 43
1 11 65
18 18 72
14 6 59
3 5 23
2 2 82
15 8 23
16 18 55
14 14 33
1 6 17
18 2 48
10 13 19
4 5 33
18 17 50
9 1 21
10 6 16
1 9 65
3 16 43
3 17 80
12 2 71
2 13 44
12 8 14
17 1 33
1 10 76
10 10 73
17 4 34
7 3 18
12 6 64
5 11 70
15 6 31
2 9 29
12 11 40
4 18 22
5 1 82
13 15 80
4 3 54
6 12 89
9 14 82
4 4 25
13 5 81
12 9 69
10 13 68
5 9 76
15 14 86
6 11 15
13 3 28
16 6 62
14 15 57
6 7 59
13 4 88
18 2 58
1 7 74
15 7 36
13 5 31
10 3 90
6 15 50
58 13 30
35 10 13
12 16 20
37 22 11
13 40 18
42 46 28
50 53 23
32 20 10
56 19 28
17 22 14
16 32 27
48 44 17
11 48 25
55 25 11
35 14 24
24 33 29
44 22 14
32 51 15
19 60 22
4 49 11
55 51 15
20 45 14
13 22 13
25 40 16
28 50 15
16 52 30
16 10 23
45 28 30
36 30 24
11 26 23
54 26 10
59 30 26
29 30 13
15 43 25
40 23 30
10 50 28
59 46 14
54 23 12
41 51 16
14 25 11
50 11 14
9 16 20
46 41 19
35 23 20
54 56 27
41 31 26
60 27 10
55 34 30
58 22 23
32 19 29
45 25 10
40 22 25
52 10 13
9 11 18
6 10 23
14 42 28
11 45 25
44 11 18
24 33 10
46 22 13
37 39 20
59 32 21
53 46 24
56 55 14
55 46 27
44 55 16
59 25 22
31 26 19
38 49 15
14 60 23
10 55 17
27 22 28
40 28 19
35 14 30
58 18 23
7 29 18
50 58 22
60 36 16
57 45 11
36 37 14
28 54 14
2 14 14
34 47 23
28 22 11
14 18 11
29 54 14
12 36 29
44 30 28
7 12 29
21 57 20
18 34 22
9 47 26
52 28 21
14 28 16
19 19 11
57 46 15
9 26 25
51 51 17
59 32 26
21 36 28
37 54 28
13 24 11
38 31 27
27 51 11
44 13 18
36 43 11
24 59 11
51 35 23
6 37 28
36 50 18
44 54 26
16 10 22
34 52 16
16 41 11
40 55 30
42 27 16
6 37 11
10 13 21
52 36 25
31 17 19
7 34 24
25 22 16
1 14 13
60 17 14
14 21 29
28 18 27
50 59 20
38 36 22
17 31 26
15 32 19
31 58 30
41 33 19
3 58 27
17 27 15
20 33 20
17 55 16
56 34 23
47 42 15
18 51 10
44 48 17
55 24 24
26 56 28
32 12 25
31 41 22
18 38 18
3 16 13
27 18 21
24 46 10
28 57 10
46 36 19
41 20 19
17 38 18
54 27 18
50 31 17
12 53 21
26 38 29
17 41 26
14 25 20
58 18 26
2 11 17
29 38 26
38 46 29
28 34 11
51 60 28
3 45 18
39 39 17
58 32 20
5 57 10
26 32 13
13 14 22
8 38 26
20 11 26
57 51 27
57 46 28
56 45 30
1 34 26
49 26 30
3 54 24
53 25 12
25 29 12
34 10 23
10 14 17
33 45 25
23 47 15
35 58 10
47 31 20
10 30 24
47 57 30
25 28 21
28 55 26
26 60 30
35 22 14
5 40 19
31 41 16
44 50 13
58 18 21
46 19 20
27 29 20
60 19 26
21 39 20

A 1
B 59